10 HGR2 : HCOLOR= 1
11 E = 170
15 FOR L = 14 TO E STEP 2
20 READ X1,X2
21 IF X1 = 0 THEN 29
25 HPLOT X1,L TO X2,L
26 GOTO 20
29 NEXT L
30 DATA 130,136,139,139,147,147
,153,155,158,163,0,0
40 DATA 127,141,144,148,151,157
,159,172,0,0
50 DATA 171,126,116,114,0,0
60 DATA 180,179,176,126,122,122
,120,112,109,108,0,0
70 DATA 103,105,107,122,124,124
,126,130,132,132,134,138,140
,140,142,160,162,184,0,0
80 DATA 99,120,125,135,140,140,
142,161,163,172,174,187,0,0
90 DATA 193,193,190,189,187,178
,176,176,174,174,172,164,162
,142,140,139,135,130,127,125
,122,122,119,117,112,111,109
,108,105,99,0,0
100 DATA 190,190,187,180,177,17
0,168,162,160,135,133,133,13
1,131,127,127,122,122,119,11
9,117,117,111,111,109,109,10
7,107,103,98,0,0
110 DATA 97,104,106,110,112,113
,115,116,118,119,121,123,127
,135,137,176,179,185,187,188
,191,191,194,194,0,0
120 DATA 87,88,90,90,96,116,119
,120,123,123,127,149,151,175
,178,178,180,186,188,189,191
,195,0,0
130 DATA 197,183,179,152,150,12
4,121,120,116,112,108,97,92,
84,0,0
140 DATA 201,189,186,183,180,15
5,153,152,150,144,142,117,11
5,111,109,109,107,82,0,0
150 DATA 81,99,102,108,111,135,
138,140,142,142,144,144,147,
147,150,157,159,161,164,181,
184,184,188,188,192,203,0,0
155 DATA 81,85,87,109,112,141,1
44,145,147,147,149,154,157,1
80,183,183,185,191,193,196,1
98,202,0,0
160 DATA 207,204,200,196,193,18
7,184,184,181,175,172,171,16
9,166,163,149,147,147,145,14
5,143,140,138,114,112,80,0,0

170 DATA 212,196,192,189,186,18
6,182,173,171,154,152,148,14
6,145,143,124,122,108,106,88
,86,80,78,75,0,0
180 DATA 72,73,75,86,88,98,100,
103,105,105,107,109,112,114,
118,119,123,126,128,131,134,
134,136,140,143,151,154,158,
160,181,183,192,194,211,213,
213,0,0
190 DATA 70,73,75,101,103,108,1
12,118,121,127,129,133,135,1
42,145,147,150,151,154,212,2
14,215,0,0
200 DATA 218,209,206,164,162,15
9,157,155,153,153,121,149,14
6,146,143,142,140,128,125,12
1,118,111,108,108,105,83,81,
68,0,0
210 DATA 220,219,216,210,206,16
2,160,155,153,148,146,128,12
5,75,72,67,0,0
220 DATA 63,78,83,97,100,126,12
8,128,131,132,134,148,151,15
3,156,160,163,208,212,218,22
0,223,0,0
230 DATA 62,62,64,66,69,69,71,7
7,81,95,98,99,103,129,131,15
9,161,161,163,168,171,206,20
9,228,0,0
240 DATA 229,203,201,196,193,18
5,182,180,177,176,174,163,15
8,145,143,141,138,133,131,12
2,120,119,117,104,101,97,92,
60,0,0
250 DATA 230,209,207,204,201,19
1,187,184,181,172,170,162,15
9,153,151,142,139,133,130,12
8,125,122,118,111,109,101,98
,98,95,95,92,61,0,0
260 DATA 61,84,86,115,118,124,1
28,128,130,139,142,142,145,1
46,149,152,155,158,160,167,1
70,171,174,180,182,204,210,2
19,222,222,225,226,228,228,2
30,232,0,0
270 DATA 62,64,67,87,91,92,95,1
16,118,119,122,126,129,146,1
50,154,156,157,161,173,176,1
80,183,183,188,200,203,205,2
12,221,225,225,227,227,0,0
280 DATA 231,226,222,216,213,21
3,211,211,207,206,204,198,19
5,190,186,177,174,160,156,15
3,151,150,145,131,129,124,11
9,114,112,105,103,97,89,68,6
2,60,0,0
290 DATA 232,223,221,219,216,21
3,210,191,188,154,150,150,14
6,131,128,122,120,116,114,11
1,109,104,101,100,98,96,94,8
8,86,81,77,63,0,0
300 DATA 65,65,67,77,79,86,88,9
9,102,113,115,129,132,140,14
3,146,149,150,152,159,161,16
2,165,173,176,177,179,198,20
1,201,204,209,212,212,215,21
6,220,228,230,233,0,0
310 DATA 61,68,70,71,77,82,85,8
5,87,114,117,118,121,121,123
,146,149,162,165,168,172,172
,176,177,180,199,201,202,204
,206,216,229,232,232,0,0
320 DATA 229,225,222,222,219,21
9,209,208,205,205,201,173,17
1,171,165,158,156,154,152,14
8,146,125,122,122,117,117,11
5,84,82,81,78,71,68,61,59,59
,0,0
330 DATA 229,226,211,207,204,20
4,201,170,164,163,154,153,15
1,137,133,133,129,128,123,12
2,118,117,115,80,78,75,72,60
,0,0
340 DATA 61,69,76,110,113,124,1
28,129,133,133,137,141,143,1
54,158,158,162,163,169,202,2
04,211,213,214,0,0
350 DATA 62,65,68,98,103,125,12
9,130,133,133,138,140,144,14
5,147,179,181,183,186,209,21
2,215,0,0
360 DATA 213,180,178,157,154,14
8,145,143,140,139,134,134,13
1,130,127,124,122,105,100,67
,65,63,0,0
370 DATA 215,207,205,194,192,18
1,179,173,168,164,161,157,15
3,152,150,147,144,143,141,13
9,135,135,132,130,124,122,11
9,117,114,106,103,98,94,65,0
,0
380 DATA 50,51,54,57,65,120,124
,128,131,132,135,135,139,144
,147,148,152,153,156,159,161
,161,164,170,172,177,180,183
,186,186,189,200,202,207,209
,210,213,217,0,0
390 DATA 48,50,52,56,60,60,63,7
2,75,80,85,85,88,88,90,94,96
,101,104,118,120,121,125,128
,130,133,135,136,138,141,147
,149,152,157,160,163,165,165
,170,174,177,188,190,198,200
,200,203,210,216,217,0,0
400 DATA 211,203,198,194,192,18
9,187,180,178,174,171,171,16
4,164,160,153,148,143,141,13
2,130,125,122,122,120,105,10
2,95,93,90,86,83,79,75,70,64
,62,59,56,52,50,47,0,0
410 DATA 221,218,209,209,199,19
8,195,195,189,181,179,175,17
2,172,163,162,156,151,147,14
3,141,137,134,117,114,112,11
0,88,85,85,83,83,81,81,78,90
,71,65,62,49,46,46,0,0
420 DATA 42,42,44,50,55,59,61,6
1,67,67,69,82,85,86,89,92,94
,97,100,111,113,115,118,131,
134,147,150,154,161,189,199,
200,209,215,218,223,227,231,
0,0
430 DATA 41,48,51,52,56,57,61,6
3,66,101,104,112,115,118,121
,129,131,147,149,153,161,162
,166,172,174,185,187,192,201
,204,208,214,219,222,224,227
,230,234,0,0
440 DATA 236,219,216,209,206,20
2,199,198,193,191,188,186,18
3,174,167,165,161,159,152,14
0,137,112,101,101,96,90,87,8
6,82,66,53,51,49,39,0,0
450 DATA 238,225,222,208,206,19
9,196,195,189,178,175,172,16
4,164,160,159,153,141,137,11
8,115,114,111,106,104,103,10
0,99,92,89,87,86,84,67,64,63
,51,51,49,46,44,41,39,38,0,0

460 DATA 38,45,47,50,58,58,60,6
0,64,66,69,78,81,85,88,103,1
07,120,123,131,133,134,136,1
38,141,154,157,164,167,179,1
82,186,188,204,216,237,0,0
470 DATA 36,43,46,49,54,58,60,6
0,63,69,74,75,81,86,90,91,96
,107,110,128,134,134,138,162
,164,165,168,170,173,202,206
,218,220,226,230,232,235,236
,0,0
480 DATA 239,235,232,230,226,22
2,217,205,203,190,187,183,18
0,177,175,175,171,152,149,13
4,127,95,91,76,71,69,67,62,5
9,51,46,46,41,37,0,0
490 DATA 241,237,232,232,225,22
5,222,181,178,178,175,154,14
8,141,138,137,135,131,128,12
5,118,78,73,64,61,57,54,52,5
0,49,41,37,0,0
500 DATA 36,40,50,53,55,61,63,6
5,68,72,74,110,115,118,126,1
30,134,138,141,148,153,157,1
59,159,161,162,165,179,182,1
84,167,191,194,222,225,225,2
31,232,237,242,0,0
510 DATA 36,36,46,47,50,56,59,6
0,62,62,64,65,68,68,74,75,77
,84,87,88,90,110,128,130,132
,133,137,139,141,147,151,159
,162,180,183,186,189,191,193
,193,197,200,202,222,226,226
,228,235,239,242,0,0
520 DATA 243,241,236,201,192,17
1,168,150,147,135,133,128,12
2,117,109,88,83,82,80,76,74,
71,66,61,56,56,53,52,50,49,4
6,44,0,0
530 DATA 242,242,238,208,206,20
5,193,174,172,159,157,157,15
5,154,151,148,146,136,133,12
9,122,116,112,110,107,107,10
3,86,82,73,69,60,56,56,46,44
,0,0
540 DATA 45,45,54,54,56,56,62,7
4,77,101,104,108,111,113,116
,126,129,133,137,150,153,154
,157,162,165,165,168,172,176
,176,179,194,208,217,219,237
,0,0
550 DATA 53,54,56,56,58,58,61,6
6,68,85,88,88,90,101,103,118
,121,127,130,131,137,137,140
,148,152,153,155,163,167,174
,178,185,187,194,208,211,213
,221,224,228,231,241,0,0
560 DATA 241,239,236,233,229,22
7,220,215,211,211,208,208,19
7,197,195,189,184,166,164,15
0,147,139,132,118,155,99,97,
91,88,87,82,72,68,67,65,65,6
0,53,0,0
570 DATA 242,241,238,237,231,22
6,223,221,218,216,213,213,21
0,208,205,203,200,197,194,19
0,183,179,177,149,147,138,13
3,118,116,100,95,73,69,68,63
,63,61,52,0,0
580 DATA 52,59,61,64,67,72,75,7
5,79,88,92,95,99,114,120,127
,130,132,138,150,153,183,191
,195,199,201,205,214,218,225
,228,229,238,241,0,0
590 DATA 51,57,60,67,69,72,79,8
9,97,113,120,133,138,149,154
,179,181,181,184,184,187,193
,195,196,204,209,214,214,218
,223,226,226,230,230,238,238
,0,0
600 DATA 238,238,227,217,212,21
1,209,206,196,196,194,194,19
1,186,184,175,171,152,148,13
9,134,130,125,121,116,98,95,
83,79,75,73,71,68,52,0,0
601 DATA 228,227,225,221,213,20
9,204,204,194,192,189,177,17
4,169,166,165,162,155,152,15
0,147,138,135,131,128,122,11
9,97,95,92,89,85,82,81,79,75
,72,69,66,59,56,52,0,0
610 DATA 50,50,54,54,57,67,69,7
9,82,92,94,94,97,98,102,102,
106,107,110,114,119,130,132,
135,138,151,156,165,170,172,
175,178,180,187,190,195,202,
205,213,214,219,221,226,228,
0,0
620 DATA 50,50,55,66,69,72,74,7
9,81,83,86,88,90,91,103,103,
106,108,111,111,116,119,121,
131,133,159,162,164,169,170,
177,185,187,189,191,196,198,
207,213,213,221,221,228,230,
0,0
630 DATA 208,200,196,194,188,18
6,183,179,174,171,169,167,16
4,162,160,148,146,130,128,11
9,107,107,104,104,89,86,82,7
8,72,71,69,68,64,63,60,58,0,
0
640 DATA 211,209,207,203,196,18
9,186,183,178,166,163,159,15
6,155,152,147,144,132,127,12
2,104,104,88,87,77,77,73,70,
62,59,0,0
650 DATA 59,60,88,88,125,126,13
5,143,147,147,149,158,165,16
6,170,173,176,181,190,193,20
6,212,0,0
660 DATA 61,61,128,129,136,143,
150,154,164,164,170,172,176,
180,189,191,202,214,0,0
670 DATA 213,209,207,204,180,17
9,177,177,171,171,169,168,16
3,163,150,148,143,136,132,13
1,0,0
680 DATA 213,213,211,210,208,20
7,204,204,191,191,179,179,14
9,146,144,136,134,133,0,0
690 DATA 134,148,209,211,0,0
700 DATA 135,146,210,210,0,0
710 DATA 135,145,0,0
720 DATA 144,136,0,0
730 DATA 144,136,0,0
740 DATA 136,144,0,0
750 DATA 136,144,0,0
760 DATA 145,135,0,0
770 DATA 145,134,0,0
780 DATA 134,146,0,0
790 DATA 133,147,0,0
800 DATA 148,132,0,0
810 X3 = 41:X4 = 239:Y3 = 172
820 DX = X4 - X3
830 HPLOT X3,Y3
840 FOR T = 0 TO 1 STEP .0035
850 HPLOT TO X3 + T * DX,Y3
860 NEXT T